15 82 15
15 2
4 3
10 5
13 10
9 14
6 10
2 9
11 10
3 12
3 11
1 15
10 8
3 7
7 14
1 4
7 2
2 6
12 8
1 8
14 6
7 11
12 13
12 9
3 5
5 11
1 11
9 8
13 1
12 7
15 10
8 13
15 14
9 5
9 11
6 8
14 8
13 6
12 11
13 11
13 4
5 12
3 15
3 9
15 12
14 3
4 9
1 2
4 15
13 15
5 7
12 6
6 3
1 12
2 8
7 6
14 2
14 1
15 6
14 12
2 12
15 9
10 9
3 13
2 10
5 8
12 10
10 1
1 3
7 1
2 3
13 2
6 1
8 15
9 7
14 10
4 6
4 12
9 1
8 4
5 2
7 13
11 6
1 2 3 4 5 6 7 8 9 10 11 12 13 14 15