3 7
12 9
2 14
3 13
11 3
13 5
2 1
12 5
10 13
3 6
4 6
11 7
7 1
3 1
9 13
13 7
6 1
14 8
4 10
12 3
9 4
10 12
14 3
8 13
14 11
11 2
11 4
1 5
6 13
3 2
4 12
8 5
11 5
8 1
14 5
8 10
12 7
7 6
11 1
4 1
10 2
8 2
6 8
11 10
13 12
10 3
11 9
10 9
14 13
14 10
5 6
3 5
10 6
6 2
12 14
6 14
8 7
1 13
2 4
12 1
3 9
14 1
6 9
10 7
3 4
13 4
13 11
9 8
12 2
2 5
4 8
5 7
3 8
5 9
4 14
11 8
13 2
7 14
11 12
11 6
1 9
7 9
1 10
6 12
9 14
12 8
9 2
5 4